image_width: 1920
image_height: 1080
camera_matrix:
  rows: 3
  cols: 3
  data:
  - 600.9731212835619
  - 0.0
  - 970.6993411534143
  - 0.0
  - 598.8188673308787
  - 527.9426586642195
  - 0.0
  - 0.0
  - 1.0
distortion_coefficients:
  rows: 1
  cols: 5
  data:
  - -0.03743179852733363
  - 0.0876401376234658
  - -0.006542038214194419
  - 0.0018356559069214735
  - -0.06715971989289421
reprojection_error_rms: 0.2213554694283399
num_images_used: 20
